light{
-25 50 -80
1 1 1
}

#water
sphere{
0 -102.6 0
100 0 0
0.1 0.3 1
2 0.5 0.2
}

#sand
sphere{
0 -82.5 -2
80 0 0
0.8 0.6 0.4
2 0 0
}

#moon
sphere{
0 15 -40
3 0 0
0.7 0.7 0.72
1 1 0
}

#trunk
triangle{
-4 -3 -8
-3.5 -3 -9
-3.9 0.2 -9
0.51 0.32 0
4 0 0
}
triangle{
-3.5 -3 -9
-3.9 0.2 -9
-3.9 0.2 -10
0.51 0.32 0
4 0 0
}
triangle{
-5 -3 -8
-5.5 -3 -9
-4.3 0.7 -9
0.51 0.32 0
4 0 0
}
triangle{
-5.5 -3 -9
-4.3 0.7 -9
-4.2 0.8 -10
0.51 0.32 0
4 0 0
}
triangle{
-4 -3 -8
-5 -3 -8
-3.9 0.2 -9
0.51 0.32 0
4 0 0
}
triangle{
-5 -3 -8
-3.9 0.2 -9
-4.3 0.7 -9
0.51 0.32 0
4 0 0
}
triangle{
-3.5 -3 -9
-5.5 -3 -9
-3.9 0.2 -10
0.51 0.32 0
4 0 0
}
triangle{
-5.5 -3 -9
-3.9 0.2 -10
-4.2 0.8 -10
0.51 0.32 0
4 0 0
}
triangle{
-3.9 0.2 -9
-3.9 0.2 -10
-2 5 -9.5
0.51 0.32 0
4 0 0
}
triangle{
-3.9 0.2 -10
-4.3 0.7 -9
-2 5 -9.5
0.51 0.32 0
4 0 0
}
triangle{
-4.3 0.7 -9
-4.2 0.8 -10
-2 5 -9.5
0.51 0.32 0
4 0 0
}
triangle{
-3.9 0.2 -9
-4.2 0.8 -10
-2 5 -9.5
0.51 0.32 0
4 0 0
}
#leaf1
triangle{
-2 5 -9.5
-4 5.2 -10.5
-4 5.2 -9.5
0 0.78 0.22
4 0 0
}
triangle{
-4 5.2 -10.5
-4 5.2 -9.5
-6 3 -9
0 0.78 0.22
4 0 0
}
triangle{
-4 5.2 -10.5
-5.9 3.1 -11
-6 3 -9
0 0.78 0.22
4 0 0
}
triangle{
-5.9 3.1 -11
-6 3 -9
-6.2 1.4 -10
0 0.78 0.22
4 0 0
}
#leaf2
triangle{
-2 5 -9.5
-1 5.2 -10.5
-2.5 4.9 -10.5
0 0.78 0.22
4 0 0
}
triangle{
-1 5.2 -10.5
-2.5 4.9 -10.5
-1.5 2.5 -11.8
0 0.78 0.22
4 0 0
}
triangle{
-1 5.2 -10.5
-1.5 2.5 -11.8
-1 2.3 -12
0 0.78 0.22
4 0 0
}
triangle{
-1.5 2.5 -11.8
-1 2.3 -12.1
-1.7 1 -12.2
0 0.78 0.22
4 0 0
}
#leaf3
triangle{
-2 5 -9.5
0 4.8 -9.3
-0.7 4.5 -8
0 0.78 0.22
4 0 0
}
triangle{
0 4.8 -9.3
-0.7 4.5 -8
0.9 2.2 -8.9 
0 0.78 0.22
4 0 0
}

plane {
1 0 0
-200 0 0
0 0.06 0.1
1 0 0
}

plane {
1 0 0
200 0 0
0 0.06 0.1
1 0 0
}