light {
0 2.5 -7.75
0.6 0.6 0.6
}

# posValues
# color
# phongExp, specCol, reflectiveness

# Reflective grey sphere
sphere {
0.9 -1.925 -6.69
0.825 0 0
0.7 0.7 0.7
256 0 1
}

# Blue pyramid
triangle {
-0.4 -2.75 -9.55
-0.93 0.55 -8.51
0.11 -2.75 -7.98
0.4 0.7 1
512 1 0.3
}
triangle {
0.11 -2.75 -7.98
-0.93 0.55 -8.51
-1.46 -2.75 -7.47
0.4 0.7 1
512 1 0.3
}
triangle {
-1.46 -2.75 -7.47
-0.93 0.55 -8.51
-1.97 -2.75 -9.04
0.4 0.7 1
512 1 0.3
}
triangle {
-1.97 -2.75 -9.04
-0.93 0.55 -8.51
-0.4 -2.75 -9.55
0.4 0.7 1
512 1 0.3
}

# Ceiling
triangle {
2.75 2.75 -10.5
2.75 2.75 -5
-2.75 2.75 -5
1 1 1
1 0 0
}
triangle {
-2.75 2.75 -10.5
2.75 2.75 -10.5
-2.75 2.75 -5
1 1 1
1 0 0
}

# Green wall on right 
triangle {
2.75 2.75 -5
2.75 2.75 -10.5
2.75 -2.75 -10.5
0 1 0
1 0 0
}

triangle {
2.75 -2.75 -5
2.75 2.75 -5
2.75 -2.75 -10.5
0 1 0
1 0 0
}

# Red wall on left
triangle {
-2.75 -2.75 -5
-2.75 -2.75 -10.5
-2.75 2.75 -10.5
1 0 0
1 0 0
}
triangle {
-2.75 2.75 -5
-2.75 -2.75 -5
-2.75 2.75 -10.5
1 0 0
1 0 0
}

# Floor
triangle {
2.75 -2.75 -5
2.75 -2.75 -10.5
-2.75 -2.75 -10.5
1 1 1
1 0 0
}
triangle {
-2.75 -2.75 -5
2.75 -2.75 -5
-2.75 -2.75 -10.5
1 1 1
1 0 0
}

# Back wall
plane {
0 0 1
0 0 -10.5
1 1 1
1 0 0
}

